# X	Z
0.000000000000000000e+00	nan
1.000000000000000021e-02	9.901485136139233090e-01
2.000000000000000042e-02	9.805882156901950530e-01
2.999999999999999889e-02	9.713105813548902345e-01
4.000000000000000083e-02	9.623073848612925252e-01
5.000000000000000278e-02	9.535706854524184095e-01
5.999999999999999778e-02	9.450928140655240339e-01
7.000000000000000666e-02	9.368663608230100026e-01
8.000000000000000167e-02	9.288841632581076313e-01
8.999999999999999667e-02	9.211392952273935730e-01
1.000000000000000056e-01	9.136250564655354900e-01
1.100000000000000006e-01	9.063349627407673026e-01
1.199999999999999956e-01	8.992627365724408239e-01
1.300000000000000044e-01	8.924022984746358134e-01
1.400000000000000133e-01	8.857477586922342105e-01
1.499999999999999944e-01	8.792934093981167321e-01
1.600000000000000033e-01	8.730337173222181280e-01
1.700000000000000122e-01	8.669633167851068523e-01
1.799999999999999933e-01	8.610770031105449140e-01
1.900000000000000022e-01	8.553697263931456796e-01
2.000000000000000111e-01	8.498365855987974893e-01
2.099999999999999922e-01	8.444728229769565830e-01
2.200000000000000011e-01	8.392738187652593052e-01
2.300000000000000100e-01	8.342350861681526730e-01
2.399999999999999911e-01	8.293522665924155657e-01
2.500000000000000000e-01	8.246211251235320283e-01
2.600000000000000089e-01	8.200375462279041461e-01
2.700000000000000178e-01	8.155975296668454000e-01
2.800000000000000266e-01	8.112971866091980289e-01
2.899999999999999800e-01	8.071327359302506999e-01
2.999999999999999889e-01	8.031005006854269324e-01
3.099999999999999978e-01	7.991969047479530186e-01
3.200000000000000067e-01	7.954184696004052979e-01
3.300000000000000155e-01	7.917618112706921174e-01
3.400000000000000244e-01	7.882236374036354354e-01
3.500000000000000333e-01	7.848007444598922300e-01
3.599999999999999867e-01	7.814900150344954444e-01
3.699999999999999956e-01	7.782884152878013495e-01
3.800000000000000044e-01	7.751929924821061579e-01
3.900000000000000133e-01	7.722008726176405879e-01
4.000000000000000222e-01	7.693092581620719628e-01
4.100000000000000311e-01	7.665154258680364485e-01
4.199999999999999845e-01	7.638167246735914073e-01
4.299999999999999933e-01	7.612105736808281176e-01
4.400000000000000022e-01	7.586944602082035249e-01
4.500000000000000111e-01	7.562659379124588854e-01
4.600000000000000200e-01	7.539226249762747134e-01
4.700000000000000289e-01	7.516622023580754597e-01
4.799999999999999822e-01	7.494824121006512518e-01
4.899999999999999911e-01	7.473810556954891826e-01
5.000000000000000000e-01	7.453559924999298980e-01
5.100000000000000089e-01	7.434051382044608580e-01
5.200000000000000178e-01	7.415264633476510436e-01
5.300000000000000266e-01	7.397179918764043016e-01
5.400000000000000355e-01	7.379777997493699448e-01
5.500000000000000444e-01	7.363040135815049902e-01
5.600000000000000533e-01	7.346948093279180858e-01
5.700000000000000622e-01	7.331484110052587377e-01
5.799999999999999600e-01	7.316630894490342429e-01
5.899999999999999689e-01	7.302371611053484202e-01
5.999999999999999778e-01	7.288689868556625928e-01
6.099999999999999867e-01	7.275569708732685381e-01
6.199999999999999956e-01	7.262995595102581525e-01
6.300000000000000044e-01	7.250952402138509667e-01
6.400000000000000133e-01	7.239425404710161382e-01
6.500000000000000222e-01	7.228400267803977153e-01
6.600000000000000311e-01	7.217863036506100283e-01
6.700000000000000400e-01	7.207800126240324623e-01
6.800000000000000488e-01	7.198198313252844871e-01
6.900000000000000577e-01	7.189044725336110053e-01
7.000000000000000666e-01	7.180326832784531543e-01
7.099999999999999645e-01	7.172032439575195539e-01
7.199999999999999734e-01	7.164149674767145148e-01
7.299999999999999822e-01	7.156666984113079222e-01
7.399999999999999911e-01	7.149573121877694781e-01
7.500000000000000000e-01	7.142857142857143016e-01
7.600000000000000089e-01	7.136508394594355265e-01
7.700000000000000178e-01	7.130516509785227441e-01
7.800000000000000266e-01	7.124871398870872286e-01
7.900000000000000355e-01	7.119563242811352000e-01
8.000000000000000444e-01	7.114582486036498121e-01
8.100000000000000533e-01	7.109919829569564254e-01
8.200000000000000622e-01	7.105566224319652679e-01
8.300000000000000711e-01	7.101512864538968017e-01
8.399999999999999689e-01	7.097751181441089852e-01
8.499999999999999778e-01	7.094272836976587282e-01
8.599999999999999867e-01	7.091069717762386038e-01
8.699999999999999956e-01	7.088133929161427593e-01
8.800000000000000044e-01	7.085457789509239657e-01
8.900000000000000133e-01	7.083033824484120666e-01
9.000000000000000222e-01	7.080854761617741966e-01
9.100000000000000311e-01	7.078913524943029056e-01
9.200000000000000400e-01	7.077203229776262150e-01
9.300000000000000488e-01	7.075717177630417298e-01
9.400000000000000577e-01	7.074448851256808224e-01
9.500000000000000666e-01	7.073391909812164480e-01
9.599999999999999645e-01	7.072540184148349285e-01
9.699999999999999734e-01	7.071887672221952581e-01
9.799999999999999822e-01	7.071428534621065909e-01
9.899999999999999911e-01	7.071157090206590112e-01
1.000000000000000000e+00	7.071067811865475727e-01
1.010000000000000009e+00	7.071155322373344765e-01
1.020000000000000018e+00	7.071414390363998104e-01
1.030000000000000027e+00	7.071839926403331589e-01
1.040000000000000036e+00	7.072426979165268301e-01
1.050000000000000044e+00	7.073170731707316694e-01
1.060000000000000053e+00	7.074066497843445323e-01
1.070000000000000062e+00	7.075109718611961585e-01
1.080000000000000071e+00	7.076295958836191780e-01
1.090000000000000080e+00	7.077620903775702077e-01
1.100000000000000089e+00	7.079080355865955410e-01
1.110000000000000098e+00	7.080670231544237136e-01
1.120000000000000107e+00	7.082386558159796675e-01
1.130000000000000115e+00	7.084225470966123428e-01
1.140000000000000124e+00	7.086183210193406357e-01
1.150000000000000133e+00	7.088256118199148803e-01
1.159999999999999920e+00	7.090440636695054533e-01
1.169999999999999929e+00	7.092733304048274290e-01
1.179999999999999938e+00	7.095130752655158801e-01
1.189999999999999947e+00	7.097629706385714110e-01
1.199999999999999956e+00	7.100226978096958463e-01
1.209999999999999964e+00	7.102919467213459903e-01
1.219999999999999973e+00	7.105704157373331498e-01
1.229999999999999982e+00	7.108578114138018877e-01
1.239999999999999991e+00	7.111538482764242497e-01
1.250000000000000000e+00	7.114582486036498121e-01
1.260000000000000009e+00	7.117707422158545683e-01
1.270000000000000018e+00	7.120910662702346627e-01
1.280000000000000027e+00	7.124189650612965385e-01
1.290000000000000036e+00	7.127541898267970577e-01
1.300000000000000044e+00	7.130964985589880456e-01
1.310000000000000053e+00	7.134456558210292565e-01
1.320000000000000062e+00	7.138014325684293171e-01
1.330000000000000071e+00	7.141636059753831978e-01
1.340000000000000080e+00	7.145319592658757601e-01
1.350000000000000089e+00	7.149062815494230394e-01
1.360000000000000098e+00	7.152863676613285815e-01
1.370000000000000107e+00	7.156720180073309345e-01
1.380000000000000115e+00	7.160630384125272752e-01
1.390000000000000124e+00	7.164592399744547091e-01
1.400000000000000133e+00	7.168604389202188898e-01
1.409999999999999920e+00	7.172664564675576004e-01
1.419999999999999929e+00	7.176771186897348276e-01
1.429999999999999938e+00	7.180922563841597439e-01
1.439999999999999947e+00	7.185117049446270165e-01
1.449999999999999956e+00	7.189353042370831837e-01
1.459999999999999964e+00	7.193628984788177361e-01
1.469999999999999973e+00	7.197943361209891977e-01
1.479999999999999982e+00	7.202294697343905039e-01
1.489999999999999991e+00	7.206681558983668578e-01
1.500000000000000000e+00	7.211102550927978028e-01
1.510000000000000009e+00	7.215556315930594655e-01
1.520000000000000018e+00	7.220041533678831502e-01
1.530000000000000027e+00	7.224556919800312338e-01
1.540000000000000036e+00	7.229101224897119815e-01
1.550000000000000044e+00	7.233673233606555675e-01
1.560000000000000053e+00	7.238271763687793570e-01
1.570000000000000062e+00	7.242895665133687322e-01
1.580000000000000071e+00	7.247543819307039614e-01
1.590000000000000080e+00	7.252215138100649439e-01
1.600000000000000089e+00	7.256908563120464395e-01
1.610000000000000098e+00	7.261623064891205015e-01
1.620000000000000107e+00	7.266357642083824953e-01
1.630000000000000115e+00	7.271111320764191976e-01
1.640000000000000124e+00	7.275883153662405789e-01
1.650000000000000133e+00	7.280672219462165362e-01
1.660000000000000142e+00	7.285477622109628459e-01
1.669999999999999929e+00	7.290298490141212673e-01
1.679999999999999938e+00	7.295133976029812839e-01
1.689999999999999947e+00	7.299983255548910810e-01
1.699999999999999956e+00	7.304845527154081308e-01
1.709999999999999964e+00	7.309720011381399818e-01
1.719999999999999973e+00	7.314605950262287326e-01
1.729999999999999982e+00	7.319502606754317853e-01
1.739999999999999991e+00	7.324409264187551338e-01
1.750000000000000000e+00	7.329325225725954462e-01
1.760000000000000009e+00	7.334249813843475296e-01
1.770000000000000018e+00	7.339182369814378770e-01
1.780000000000000027e+00	7.344122253217425511e-01
1.790000000000000036e+00	7.349068841453518797e-01
1.800000000000000044e+00	7.354021529276428826e-01
1.810000000000000053e+00	7.358979728336245696e-01
1.820000000000000062e+00	7.363942866735184722e-01
1.830000000000000071e+00	7.368910388595413252e-01
1.840000000000000080e+00	7.373881753638549252e-01
1.850000000000000089e+00	7.378856436776523031e-01
1.860000000000000098e+00	7.383833927713462364e-01
1.870000000000000107e+00	7.388813730558311255e-01
1.880000000000000115e+00	7.393795363447869251e-01
1.890000000000000124e+00	7.398778358179970427e-01
1.900000000000000133e+00	7.403762259856513372e-01
1.910000000000000142e+00	7.408746626536065749e-01
1.919999999999999929e+00	7.413731028895785835e-01
1.929999999999999938e+00	7.418715049902383507e-01
1.939999999999999947e+00	7.423698284491897503e-01
1.949999999999999956e+00	7.428680339258009191e-01
1.959999999999999964e+00	7.433660832148684117e-01
1.969999999999999973e+00	7.438639392170901532e-01
1.979999999999999982e+00	7.443615659103230975e-01
1.989999999999999991e+00	7.448589283216069390e-01
